address 0000000000010001
00001111000000000000010000000000
00001111000000000000001000000001
00001111000000000110010000000101
00001111000000000110010100000110
00001111000000000110011000000111
00001111000000000110011100001000
00000001000000000000000100000010
00010001000000100000000000000101
00010010000000100000000100000000
00010001000000000000000000000110
00010011000000100000000000000011
00010001000000110000000000000111
00000010000000110000000000000100
00010001000001000000000000001000
11111111111111111111111111111111
